weighted_median :
array([ 0.01223569, -0.00842122,  0.01976455,  0.02428663, -0.05440066,
       -0.04251157,  0.02774999, -0.03506643,  0.05002964,  0.03362533,
        0.00843488, -0.03247962,  0.02956035, -0.01898437, -0.05607172,
        0.05355171,  0.01546142,  0.01469425, -0.02674189, -0.05475545,
        0.00575213,  0.02308542, -0.08859173,  0.04682463, -0.00873402,
       -0.01391744, -0.03107726,  0.02370457, -0.00616922, -0.01795612,
       -0.01102403, -0.04894309,  0.01195551,  0.00983263, -0.00779326,
       -0.00931408,  0.0018458 , -0.02960783,  0.00117604, -0.00969985,
        0.06003606,  0.01371128,  0.04275338, -0.02262417, -0.01695659,
       -0.02117295, -0.03409504,  0.01232889, -0.00246435,  0.01029562,
        0.00725957, -0.00082971, -0.01381735, -0.01256875,  0.0117782 ,
        0.01771534,  0.00518693, -0.07850615,  0.00987997, -0.01729077,
       -0.02749228,  0.02155249, -0.03277485, -0.01976577, -0.03957736,
        0.00020508, -0.00186685,  0.03623576,  0.00480001,  0.01007062,
        0.02915921, -0.01069257,  0.05459891, -0.04166818, -0.03633723,
       -0.00287944,  0.03294495,  0.02415948, -0.00479626,  0.06182149,
        0.0124019 , -0.020563  , -0.01149336,  0.02255264, -0.01743582,
       -0.03589434, -0.01722264,  0.05223463, -0.00819793, -0.00349921,
        0.02835164, -0.03433757, -0.02226425,  0.00855578, -0.00697392,
       -0.00960938, -0.00929659, -0.04340364, -0.02132583, -0.00253435,
        0.04198062,  0.01044407, -0.01037614,  0.00142907, -0.02972256,
       -0.01284844, -0.01425883,  0.00924329, -0.00172213, -0.0491895 ,
       -0.00461731, -0.00721138, -0.03208563,  0.00788001,  0.06408746,
        0.00441969, -0.01743922, -0.03728107,  0.05093178,  0.02631433,
       -0.03796946, -0.0148692 ,  0.03183642,  0.03181692, -0.02505826,
       -0.01347133, -0.01199116,  0.00507101,  0.01760674, -0.01254363,
       -0.00990023,  0.00656735, -0.01889722,  0.03003503, -0.02456349,
       -0.0078919 ,  0.03029323,  0.02132575,  0.00721183,  0.02638278,
       -0.01492144, -0.02471035, -0.0154032 ,  0.0307047 , -0.00270574,
        0.03001104, -0.04065733, -0.01917348,  0.00796946, -0.00253001,
        0.02163552,  0.01774105, -0.0534148 ,  0.04870826,  0.00245605,
        0.01750526, -0.08879159, -0.02732497, -0.01937466, -0.01599481,
       -0.03631968,  0.01115335, -0.01927237, -0.00126579, -0.00133448,
       -0.01524786, -0.00091898, -0.00840393,  0.00453383, -0.01540408,
       -0.04112891, -0.00827909, -0.01088057,  0.00720559,  0.03244838,
        0.00822078,  0.05802555, -0.06907235, -0.06157474,  0.02322868,
       -0.05815823,  0.01398466, -0.01324697,  0.00146882,  0.00258119,
        0.015433  , -0.01179323,  0.0039131 ,  0.00219327,  0.04385575,
       -0.04504856, -0.01969471,  0.02043013, -0.03219668, -0.04720689,
        0.02412452, -0.0086086 , -0.03779884, -0.01060459, -0.00836206,
        0.03211104,  0.04265325, -0.016822  , -0.02845243,  0.02115045,
       -0.01813777,  0.04795014, -0.02767017,  0.00814737, -0.00543035,
       -0.02710827,  0.02696192, -0.04385704,  0.0197447 , -0.07211436,
       -0.00740058,  0.03994976,  0.03800527, -0.01472904, -0.03604605,
       -0.00095572,  0.03054315, -0.02422064,  0.01305512, -0.00361596,
        0.00583296,  0.04240588, -0.0001203 ,  0.02803392,  0.00413454,
       -0.01006264, -0.01287011,  0.0493859 ,  0.02483707, -0.01075141,
        0.03459223,  0.03160755, -0.05873844,  0.05360175, -0.04192092,
        0.02033895, -0.01076276, -0.03134956, -0.02516613,  0.03005442,
        0.00246172,  0.00418618,  0.02831966,  0.02716488, -0.02400322,
        0.00784909,  0.04119027,  0.00198262,  0.00943885,  0.05093579,
       -0.04819069, -0.0452822 , -0.05082263,  0.01341756,  0.00147451,
       -0.01890921, -0.01728252, -0.02032557,  0.02547255,  0.00785102,
        0.02439902,  0.0060613 , -0.02966755, -0.04795588, -0.01628333,
        0.00797582,  0.07855619, -0.03538409, -0.00415767,  0.03513845,
       -0.01972037, -0.02975018, -0.03060381, -0.03551899,  0.02677271,
       -0.01564786,  0.03085938,  0.01828427,  0.0034206 ,  0.00875083,
        0.01099895, -0.03201069,  0.00636393,  0.01446186, -0.03139374,
       -0.01501668, -0.00193576, -0.04639645,  0.00284293, -0.04279214,
        0.01088193,  0.02143702, -0.03193937, -0.00537665, -0.01323819],
      dtype=float32)
	  
	  
life_support:
array([-3.56981903e-03, -2.66658911e-03,  1.19266417e-02, -8.28445947e-04,
       -3.05458810e-02,  3.23815085e-03,  1.53093366e-02, -1.34783722e-02,
        1.15932990e-02,  6.42690528e-03, -8.80540581e-04, -1.92760192e-02,
       -7.86425173e-03,  1.97427608e-02, -1.58785004e-02,  2.72935093e-03,
       -2.51682010e-03,  7.62243848e-03, -1.34920068e-02, -1.33349467e-02,
       -9.21222847e-03,  9.11597908e-03, -4.74008359e-03,  1.03444532e-02,
        4.46738955e-03,  1.00950757e-03,  7.80124031e-03,  6.03064243e-03,
        6.71366835e-03, -9.10419039e-03, -5.20271016e-03, -2.42720637e-03,
       -2.91620637e-03, -1.16624162e-02,  7.69956643e-03, -2.97242426e-03,
        2.97795678e-03, -1.09767541e-02,  1.96486302e-02,  3.22482944e-03,
        1.64048243e-02,  1.20102586e-02,  4.11024271e-03,  6.61425246e-03,
       -6.16942113e-03, -3.14278975e-02, -1.16488170e-02,  1.73283706e-03,
       -1.09075410e-02,  1.56469289e-02,  9.47651395e-04, -7.79265724e-03,
       -1.77735221e-02, -1.90705359e-02,  5.41836256e-03,  1.68552548e-02,
        3.20989336e-03, -1.33539061e-03,  1.41707566e-02, -1.31698912e-02,
       -1.26678078e-02,  1.36856483e-02, -4.03052149e-03, -4.97566676e-03,
       -1.78653039e-02, -2.37179804e-03, -1.73889901e-02,  1.92634054e-02,
       -8.05595703e-03,  1.60526275e-03, -8.53540562e-03, -6.43284200e-03,
        4.51787971e-02, -2.05873884e-02, -2.65112668e-02, -8.76505114e-03,
        2.47065388e-02,  2.09430177e-02,  3.57373734e-03,  2.49720216e-02,
        1.23597430e-02,  3.70030431e-03, -3.13752273e-04, -5.01641957e-03,
       -5.42054698e-03, -1.92948822e-02, -1.76617671e-02,  1.56020429e-02,
       -1.43940863e-03,  8.83421488e-03,  1.16239190e-02, -1.07683558e-02,
       -8.76125693e-03,  1.08494621e-03,  8.35204218e-03, -1.60447638e-02,
        6.35408144e-03, -2.65034959e-02,  8.01160838e-03,  9.80906934e-03,
        3.10395611e-03, -1.12126768e-02, -5.34989359e-03,  3.71049019e-03,
       -1.48731275e-02, -1.53659852e-02, -7.53845845e-04, -3.23539064e-03,
        4.59494395e-03, -8.98847729e-03, -1.82419531e-02,  2.69443961e-03,
        3.41057428e-04,  6.66288240e-03,  1.91586073e-02,  1.61894355e-02,
        6.69505261e-03,  7.09133688e-03,  2.70839445e-02,  4.25541727e-03,
       -3.31730582e-02, -1.21422298e-03, -2.80211167e-03, -1.25868553e-02,
       -6.16244180e-03,  5.22742793e-03, -2.70179100e-02,  1.16969887e-02,
       -4.18489892e-03,  8.15400481e-03,  2.64431816e-03, -5.21001220e-03,
       -2.52964236e-02, -1.76065974e-02,  6.22932194e-03, -6.81151357e-03,
        2.09584720e-02, -2.13568993e-02, -2.34647724e-03,  1.14642205e-02,
        2.99081672e-03, -1.38201974e-02, -4.38378192e-03,  8.57819244e-03,
        5.46745863e-03, -1.72575039e-03, -2.52882345e-03,  7.14778143e-05,
       -1.26297409e-02, -5.45467855e-03, -3.13252443e-03, -2.39808025e-04,
       -1.63944513e-02,  1.86478104e-02,  4.33224952e-03, -1.06162103e-02,
        4.58356785e-03, -2.18231883e-02, -1.63906813e-02, -1.80571657e-02,
        1.05313398e-02, -5.16222976e-03,  1.89502235e-03,  5.77505305e-03,
       -2.33865175e-02, -5.89653710e-03,  8.11482035e-03, -7.02921161e-03,
        1.26588224e-02, -1.13846911e-02, -3.86133371e-03,  8.17542616e-03,
       -2.04839371e-02, -6.57514483e-03,  2.00067908e-02, -7.77613977e-03,
        1.57666262e-02, -2.76299678e-02, -1.98397767e-02,  7.54038629e-04,
       -2.39461716e-02, -6.74642902e-03, -4.06912621e-03, -1.50364060e-02,
        8.78696050e-03,  4.24403173e-04, -1.16000883e-02,  3.66945658e-03,
        2.29591914e-02,  5.70642808e-03, -2.48426758e-02, -2.81918375e-03,
        2.58746985e-02,  3.39920307e-03, -1.73537787e-02,  1.38708698e-02,
        1.37736853e-02, -2.65011806e-02,  9.42388270e-03, -2.76778135e-02,
        8.40035267e-03,  2.45938040e-02, -1.59031302e-02,  6.29796740e-03,
       -7.46524101e-03, -1.62116159e-02,  7.81619363e-03, -7.28300866e-03,
        1.75985657e-02, -5.05187968e-03,  4.17468749e-04, -1.56938389e-03,
        1.13610020e-02,  5.87694347e-03, -1.64281428e-02, -1.30694751e-02,
        1.98727716e-02,  5.68251498e-03, -4.15098574e-03,  7.74768088e-03,
       -1.67466644e-02, -2.17089476e-03,  1.65250385e-03, -1.84981115e-02,
       -6.11923868e-03,  3.59606987e-04,  3.19487578e-03,  1.23189334e-02,
        7.73638347e-03,  8.53943988e-04,  3.91755207e-03,  8.30054004e-03,
        1.26640929e-03, -4.47168062e-03,  7.02828926e-04, -1.05248308e-02,
       -8.32297932e-03, -7.58567639e-03,  1.19855553e-02, -4.99457074e-03,
        8.96677841e-03, -1.32114282e-02, -2.75684614e-03, -2.49549979e-04,
        2.70780583e-04, -4.41408763e-03, -3.71792540e-03, -1.41783839e-03,
        1.30881872e-02, -1.73675071e-03,  1.49948348e-03,  2.50704843e-03,
        6.68949634e-03,  1.95929483e-02,  5.32488246e-03, -1.24229910e-02,
        1.10258292e-02, -1.26227215e-02, -1.74856856e-02, -1.02862883e-02,
        4.75536007e-03, -3.12870438e-03, -2.31393073e-02,  2.44527254e-02,
        1.70801133e-02,  2.44521704e-02, -1.11808022e-03, -6.29581558e-03,
       -2.80821901e-02, -1.53844031e-02,  1.03205992e-02,  7.41304830e-05,
        3.47109954e-03,  2.76133721e-03,  2.00511608e-02,  1.09580474e-03,
       -1.32082086e-02, -1.65008884e-02, -3.97512829e-03, -1.80357154e-02,
       -5.67761483e-03,  9.42119118e-03,  1.97972991e-02,  1.34495944e-02,
       -1.90048516e-02,  7.64959073e-03, -1.12570422e-02, -2.48594466e-03,
        1.53176161e-02,  1.46310572e-02, -2.28458960e-02,  6.20002905e-03,
       -1.63276456e-02,  6.59861602e-03,  1.18749030e-03,  1.21878460e-02,
        1.09475572e-02,  5.00467606e-03,  4.55909409e-03, -9.85138398e-03],
      dtype=float32)
	  
human_studies:
array([-9.29839909e-02, -1.81482881e-02, -3.99085656e-02,  1.31206382e-02,
       -2.92580295e-02,  1.07777596e-01, -5.41930553e-03, -8.66644308e-02,
        1.54386476e-01, -1.64599158e-02, -8.82607419e-04, -5.44698387e-02,
       -5.97653463e-02,  9.39350650e-02,  8.36862065e-03,  7.40669891e-02,
        2.87128035e-02, -8.99070799e-02, -4.35468554e-03, -5.17613403e-02,
        2.73645043e-01,  1.22275762e-01,  4.21403088e-02,  2.78507583e-02,
       -4.43398282e-02,  2.38245465e-02, -2.48967055e-02, -1.31933883e-01,
       -9.86006185e-02,  3.76442894e-02, -5.67369200e-02, -7.26048648e-02,
       -3.59158628e-02, -5.95383570e-02, -2.99510695e-02,  6.53841626e-03,
       -2.26442721e-02,  1.32499859e-01,  2.46460915e-01, -1.45874470e-01,
       -1.34511841e-02, -1.60074338e-01,  1.01350397e-02,  1.06446967e-01,
       -3.61960903e-02,  1.00587338e-01,  3.11025362e-02,  6.23828545e-02,
       -7.58333206e-02, -1.13519272e-02, -1.46505266e-01, -2.59961374e-02,
       -4.27462123e-02,  1.46945149e-01,  8.77971575e-02,  5.75187132e-02,
        8.48852247e-02, -2.78289258e-01, -6.63995072e-02, -1.25978328e-02,
       -1.34551227e-02,  4.72888164e-02,  1.26309887e-01, -3.84326465e-02,
       -1.50643483e-01,  2.57400516e-02, -7.89942592e-02,  1.91503078e-01,
        1.34314746e-02, -1.14212491e-01, -7.58385733e-02, -5.04273884e-02,
       -4.45030443e-02, -7.35358596e-02, -2.67153010e-02, -2.50714831e-04,
       -6.44167960e-02, -2.30806880e-02,  4.51317877e-02,  4.80316766e-02,
       -1.64569274e-01,  1.98033825e-01,  6.21914864e-02,  1.25416711e-01,
       -1.40359960e-02,  1.96448304e-02,  4.18464355e-02,  2.37111941e-01,
       -6.77435026e-02,  1.87362641e-01, -1.70647986e-02, -1.09946102e-01,
       -7.92287663e-02,  8.97769481e-02,  6.14182875e-02,  1.80115432e-01,
        2.70940717e-02, -6.17684647e-02,  5.66891097e-02, -5.04794307e-02,
       -7.10472316e-02, -2.70079561e-02, -7.72473961e-02,  1.30380258e-01,
       -8.02703425e-02,  7.80242607e-02, -1.85636897e-02,  1.78840116e-01,
        1.42005801e-01, -2.30929796e-02, -3.54502723e-02, -1.92073714e-02,
       -1.22896157e-01,  1.08376779e-01, -1.20430797e-01,  1.05331466e-02,
       -1.52279153e-01,  7.82676786e-02,  2.04442237e-02, -2.27503944e-02,
       -1.29902840e-01,  5.17067090e-02, -7.25076720e-02, -8.11298266e-02,
       -1.31783903e-01,  8.03402960e-02, -1.65171474e-02,  2.89705880e-02,
       -9.07106400e-02,  1.35378204e-02, -2.37347901e-01, -7.70047912e-03,
       -8.15812647e-02, -6.32011667e-02, -7.35883489e-02,  1.64341524e-01,
        5.41740023e-02,  1.15789205e-01,  1.15678152e-02,  1.70259804e-01,
        1.12222336e-01, -4.66989428e-02, -1.20832615e-01,  4.69699036e-03,
        5.28730340e-02,  1.11798339e-01, -5.45949824e-02,  2.62761470e-02,
       -4.81706671e-02, -1.64165303e-01,  1.50162503e-01, -1.08720317e-01,
       -7.27599636e-02,  6.19680285e-02,  4.52572480e-02,  4.36449870e-02,
        4.36479673e-02,  8.60271007e-02,  4.29500155e-02, -6.75414875e-02,
       -7.64946416e-02,  1.63120940e-01, -6.59242924e-03,  2.38731399e-01,
       -8.39565247e-02, -2.01846898e-01,  1.62982509e-01, -5.77623816e-03,
        5.61058074e-02, -1.50142372e-01,  9.61002558e-02, -7.34513253e-03,
        6.06407819e-04, -7.91784525e-02,  3.24784704e-02,  1.18025914e-01,
       -2.79093683e-01, -1.24485753e-02,  5.33588342e-02,  1.09341284e-02,
       -1.66829839e-01, -1.91933960e-02,  2.90766545e-02, -2.86975428e-02,
        8.56242701e-02,  8.51842836e-02,  2.78581157e-02, -5.31339608e-02,
       -3.86873484e-02,  3.02961413e-02, -9.04649720e-02, -1.15630694e-01,
        2.15841785e-01,  1.59850139e-02, -1.67126469e-02, -7.73431882e-02,
        1.36288747e-01, -8.52928087e-02, -1.30522802e-01, -2.18749359e-01,
       -3.79873775e-02,  6.05849475e-02,  6.58719167e-02, -3.87929827e-02,
        1.10972151e-01, -7.57577568e-02,  8.03514048e-02, -8.06735605e-02,
       -6.13341406e-02,  1.64775942e-02,  1.45588487e-01, -3.02422084e-02,
       -1.13167264e-01, -9.48240906e-02, -8.44834149e-02, -1.25400797e-01,
        1.80992678e-01,  1.67526737e-01, -9.64521095e-02,  8.98092613e-02,
       -1.29382340e-02, -8.70182528e-04,  1.66672505e-02,  5.99264633e-03,
       -6.30881591e-03,  2.72710174e-02, -3.62123060e-03, -4.02125753e-02,
       -1.28798271e-02, -1.91111751e-02,  2.06954032e-02, -1.82404608e-01,
       -2.62445305e-02, -1.03550451e-02,  1.08336985e-01, -1.13975771e-01,
       -3.54976170e-02,  1.42550930e-01, -2.99145374e-02, -3.24301943e-02,
        1.51117936e-01, -1.01319313e-01, -7.02555627e-02, -1.09087884e-01,
       -6.47429451e-02,  2.70325821e-02,  5.86659200e-02, -8.91999975e-02,
       -1.41896501e-01,  2.03283387e-03, -2.32897382e-02, -7.38318339e-02,
       -1.13214016e-01,  1.51959524e-01,  1.88721806e-01,  5.11944629e-02,
        1.41461700e-01, -1.03948273e-01,  5.27798496e-02, -2.19746251e-02,
        6.30081445e-02,  1.14997914e-02, -3.03806253e-02,  1.12158798e-01,
       -2.10037604e-01,  1.07191548e-01,  1.33594260e-01,  7.31554925e-02,
       -8.40230007e-03,  8.44047442e-02,  3.93221527e-03, -2.82594915e-02,
       -1.38205230e-01,  3.16765398e-01, -2.62698270e-02, -4.74263318e-02,
        6.50175586e-02, -6.83319122e-02,  8.04071501e-02,  5.47492318e-02,
        9.80224684e-02, -5.01912981e-02, -1.16993543e-02, -1.06296604e-02,
        1.62502546e-02, -8.56705457e-02,  1.04299672e-01,  1.22550718e-01,
        9.36400816e-02,  9.48690623e-02, -4.88353297e-02,  1.52366562e-02,
        4.84559452e-03,  1.49432540e-01, -5.24509465e-03,  1.10543445e-01,
       -4.65215668e-02, -5.83980083e-02, -6.30928650e-02,  1.42731756e-01],
      dtype=float32)
	  
reinforcement_learning:
array([-0.5901829 ,  1.1065882 , -0.39968684,  1.1972106 ,  1.0145677 ,
       -0.29231352, -1.1541375 ,  0.1961252 , -0.17854723, -0.33795056,
        0.42584476,  0.07699838, -1.825801  , -1.434741  , -0.89042974,
        0.27867568,  0.21951148,  1.5690866 , -0.05509768, -0.6523033 ,
        0.64035386,  1.218478  ,  0.19903035,  0.59427345, -0.09732861,
        0.62143564, -0.5362719 , -0.44182834,  0.9001395 , -1.7778827 ,
        0.7788563 ,  0.2935069 , -1.5148954 , -1.867385  ,  0.40190837,
        0.2481436 ,  1.986395  , -1.1929244 ,  2.3951707 , -0.8261973 ,
        0.39310917, -0.3505522 ,  0.88270324, -0.2868939 , -0.610778  ,
        0.6389078 , -0.31185102,  0.78170335,  0.2671094 ,  0.2648542 ,
        0.4458281 ,  2.2005408 ,  0.09914716,  2.0928593 ,  0.63879937,
        1.5074859 , -0.66264176, -0.7330308 ,  1.0834383 ,  0.10298773,
       -1.0626193 ,  1.6818316 ,  1.0307242 ,  1.7992215 , -1.0302541 ,
       -1.1303189 ,  0.68405885,  0.6283796 ,  0.50052184, -0.38768172,
       -0.48703766,  1.4893411 , -0.5579518 ,  0.18836619,  0.32479143,
       -0.7234056 ,  1.2185335 , -0.60763645, -0.4074628 , -0.73510075,
        2.0353787 ,  0.49163675, -0.17264526,  0.34917095,  1.0957602 ,
       -0.5304878 , -0.02313993, -0.9786044 ,  1.1051701 , -0.5507361 ,
       -1.3800161 , -1.1291685 , -1.2085065 ,  0.99112076,  1.0029666 ,
        0.92731833, -0.6949192 , -0.8914119 ,  1.1390028 , -0.15953901,
        0.16284467, -0.291895  , -0.17973337,  0.66286665,  0.8124535 ,
       -0.37549707,  0.11385275, -2.3908284 , -0.27369004, -0.37358814,
       -1.1282727 ,  0.9865675 , -0.83112377,  0.59838635,  0.43642795,
        0.8711706 , -0.09146626, -0.8475954 , -0.86791176, -0.56740093,
       -0.77154577, -1.0204228 ,  0.06521171,  0.6592542 ,  1.186641  ,
       -2.185673  , -0.57433254,  1.5444171 ,  1.152968  , -0.26687077,
        0.64982456,  0.7069462 ,  0.38815123,  0.8787762 , -0.520756  ,
        1.34768   , -1.2590863 ,  1.061263  ,  0.03216548,  1.1515507 ,
        0.28211167, -2.0696313 , -0.30986574, -1.3320848 , -0.6283374 ,
       -1.1030457 ,  1.2334734 , -0.27380687,  2.4353929 , -0.6061376 ,
        1.2784972 , -1.1842694 ,  0.5757958 ,  0.61648715, -0.74334097,
        0.44779631,  1.1906834 , -0.50385016, -0.978915  , -1.0712357 ,
        0.26963   ,  0.85566324, -1.6210903 ,  0.56016004, -0.74027395,
        0.8971075 ,  1.9076208 , -0.14774866,  1.3145134 , -1.1426185 ,
        0.34020224, -1.2401967 , -0.02327389, -0.02897508,  0.08811545,
        1.2088776 , -0.14598668,  0.7788503 , -0.03060399,  0.4590648 ,
        0.35909235, -0.6639664 ,  0.39781964,  0.90637475,  0.2630262 ,
        1.3640971 ,  2.369187  ,  0.32007802,  1.0659674 , -0.04128123,
       -1.6507773 ,  0.7713394 ,  0.13073143,  1.3684281 ,  0.05234769,
       -0.46680114, -1.310789  , -0.43870574,  0.75302726,  0.30490655,
       -0.35558492, -0.530207  ,  0.91298604,  0.27699122,  0.47218102,
       -0.4098706 ,  0.06176   , -0.23814549, -1.9088912 ,  0.59120977,
        0.18082014, -0.61582696,  0.73137563,  0.30067316,  0.7423981 ,
        0.47769868, -0.6263387 , -3.3067358 ,  0.56640315,  0.4408137 ,
       -0.3171977 , -1.7020907 ,  0.2782565 ,  0.5701079 ,  1.3419282 ,
       -0.21673688, -0.01483152,  0.5980482 , -0.00359199, -1.40153   ,
        0.6966512 , -0.48646465, -0.52437377, -0.433129  , -0.05246029,
        0.36172858, -0.06125269,  1.0621594 , -0.68382764,  1.4843489 ,
       -0.635489  , -2.6647866 , -1.3272104 ,  0.29247114, -1.4025556 ,
       -0.8803517 ,  1.0834031 ,  0.44202375,  0.49338424, -2.3623328 ,
        1.014677  , -1.0615145 ,  0.52204424,  3.0653496 ,  0.78935105,
        0.6833432 ,  0.57407475, -0.69223547, -1.7833195 ,  1.0062894 ,
        0.21889938,  0.8050215 ,  0.3119788 ,  1.2425556 , -0.8832511 ,
        1.1379044 ,  0.4845804 , -0.46134797, -0.57320756,  0.8557722 ,
        0.335534  ,  2.116809  , -1.5789622 , -1.0715274 , -0.2760498 ,
        0.8327789 ,  0.13888958,  2.0780408 , -0.7215095 ,  0.8317872 ,
       -1.1904644 , -0.04240477,  1.7688619 ,  0.27019498,  0.6092393 ,
        0.7195355 ,  0.2807945 , -0.25603274,  0.6477003 , -0.01883671,
       -2.5556061 ,  0.42443734, -0.20466995, -0.05365109, -0.47591838,
       -0.5935341 ,  0.05121369,  0.18320127,  0.8529741 ,  1.8433198 ],
      dtype=float32)